9.334713138972106250e+13 7.167268527031746875e+13 6.586308301505542969e+13 7.945601409023090625e+13 6.828889909820556641e+05 8.581753113961807251e+09 4.308014225328326296e-23 1.070562229186526179e-13 -8.137301270976494476e-23
2.878481831956225000e+13 1.918987887970816797e+13 1.918987887970816797e+13 2.878481831956225000e+13 0.000000000000000000e+00 1.478419020008332825e+10 3.550016349086821063e-65 0.000000000000000000e+00 0.000000000000000000e+00
4.471499188300000191e+09 3.584712615900000095e+09 2.873794722599999905e+09 2.303866724450000286e+09 -1.638888884335756302e-01 5.388888893648982048e-01 1.564585932338839908e-11 5.319045374129472481e-08 -9.383031051432264095e-15
0.000000000000000000e+00 0.000000000000000000e+00 0.000000000000000000e+00 0.000000000000000000e+00 0.000000000000000000e+00 0.000000000000000000e+00 0.000000000000000000e+00 0.000000000000000000e+00 0.000000000000000000e+00
0.000000000000000000e+00 0.000000000000000000e+00 0.000000000000000000e+00 0.000000000000000000e+00 0.000000000000000000e+00 0.000000000000000000e+00 0.000000000000000000e+00 0.000000000000000000e+00 0.000000000000000000e+00
0.000000000000000000e+00 0.000000000000000000e+00 0.000000000000000000e+00 0.000000000000000000e+00 0.000000000000000000e+00 0.000000000000000000e+00 0.000000000000000000e+00 0.000000000000000000e+00 0.000000000000000000e+00
0.000000000000000000e+00 0.000000000000000000e+00 0.000000000000000000e+00 0.000000000000000000e+00 0.000000000000000000e+00 0.000000000000000000e+00 0.000000000000000000e+00 0.000000000000000000e+00 0.000000000000000000e+00
2.465370202713000183e+11 1.966799419246166687e+11 1.841264611961833191e+11 2.062661235566000061e+11 -3.168961419844627380e+04 7.065540107505118847e+07 -4.544991703928732867e-12 -3.458178576630569717e-08 -3.713443144274485646e-14
0.000000000000000000e+00 0.000000000000000000e+00 0.000000000000000000e+00 0.000000000000000000e+00 0.000000000000000000e+00 0.000000000000000000e+00 0.000000000000000000e+00 0.000000000000000000e+00 0.000000000000000000e+00
1.957440137151250000e+12 1.466416099270566650e+12 1.296235794308000000e+12 1.447585112888950195e+12 -3.239127879428863525e+04 3.060260377179031372e+08 -5.861824484173386820e-17 -3.517842143722431812e-10 1.723724115346184145e-17
3.377378363392000000e+12 2.219723515562666504e+12 2.188312333738666748e+12 3.236018474656000000e+12 0.000000000000000000e+00 2.580556997333332062e+09 -8.240207897295533234e-65 8.096724640117808343e-36 6.715319231070591471e-65
0.000000000000000000e+00 0.000000000000000000e+00 0.000000000000000000e+00 0.000000000000000000e+00 0.000000000000000000e+00 0.000000000000000000e+00 0.000000000000000000e+00 0.000000000000000000e+00 0.000000000000000000e+00
8.140927840099975000e+13 5.427285226733316406e+13 5.427285226733316406e+13 8.140927840099975000e+13 0.000000000000000000e+00 3.396298640008332825e+10 0.000000000000000000e+00 0.000000000000000000e+00 0.000000000000000000e+00
0.000000000000000000e+00 0.000000000000000000e+00 0.000000000000000000e+00 0.000000000000000000e+00 0.000000000000000000e+00 0.000000000000000000e+00 0.000000000000000000e+00 0.000000000000000000e+00 0.000000000000000000e+00
0.000000000000000000e+00 0.000000000000000000e+00 0.000000000000000000e+00 0.000000000000000000e+00 0.000000000000000000e+00 0.000000000000000000e+00 0.000000000000000000e+00 0.000000000000000000e+00 0.000000000000000000e+00
1.160313763262300049e+12 8.914529161901500244e+11 8.550983424595166016e+11 1.010111182125700073e+12 -9.645422371378779411e+07 1.959255039826946259e+08 -1.197725531906047536e+01 -4.835322738530392073e+00 -2.896866847685730662e-01
4.012416492113500366e+11 3.131033650373499756e+11 2.884096925761166382e+11 3.115462142010499878e+11 -5.227396895836114883e+06 1.326008697427940369e+08 -2.836791851437097400e-12 -2.211745132088990247e-08 -1.307828181816337579e-11
3.731623761052250000e+12 2.615923604547166504e+12 2.750701869886833496e+12 4.338636321706750000e+12 0.000000000000000000e+00 3.220962376916666031e+09 -1.588324747215606009e-67 -1.927437697601460220e-36 0.000000000000000000e+00
0.000000000000000000e+00 0.000000000000000000e+00 0.000000000000000000e+00 0.000000000000000000e+00 0.000000000000000000e+00 0.000000000000000000e+00 0.000000000000000000e+00 0.000000000000000000e+00 0.000000000000000000e+00
1.443896052736000000e+12 1.464439289258666748e+12 2.227912211402666504e+12 5.084122836082000000e+12 9.536743164062500000e-07 3.396207639333333969e+09 6.326720672101879653e-65 3.494021637444763546e-34 -3.040382961436203601e-65
4.145057839833000488e+11 2.953685420029333496e+11 2.953132745909333496e+11 4.142438515775500488e+11 8.032700832080841064e+04 3.984321313510141373e+08 1.066474377287919048e-25 6.163969009942448108e-19 -1.020338460281382179e-25
0.000000000000000000e+00 0.000000000000000000e+00 0.000000000000000000e+00 0.000000000000000000e+00 0.000000000000000000e+00 0.000000000000000000e+00 0.000000000000000000e+00 0.000000000000000000e+00 0.000000000000000000e+00
4.471499188300000191e+09 3.407895915900000095e+09 2.597285622599999905e+09 1.979490056450000048e+09 -1.638888884335756302e-01 5.388888893648982048e-01 1.564548843699057238e-11 5.318966518073919967e-08 -9.753603471177907317e-15
6.191088980500000715e+08 5.015859959166666865e+08 4.075636453500000238e+08 3.321066217500000000e+08 -2.268092704149894416e+02 2.418408099063206464e+03 -1.058055917076592053e-06 -6.552229588946161443e-05 1.517401838641953002e-07
7.657111033419705000e+14 6.309612761483460000e+14 7.798870819448280000e+14 1.445945774114556000e+15 0.000000000000000000e+00 3.252239707860000000e+11 0.000000000000000000e+00 0.000000000000000000e+00 0.000000000000000000e+00
8.140927840099975000e+13 5.427285226733316406e+13 5.427285226733316406e+13 8.140927840099975000e+13 0.000000000000000000e+00 3.396298640008332825e+10 0.000000000000000000e+00 0.000000000000000000e+00 0.000000000000000000e+00
1.878502916334055078e+13 8.946569908612265625e+12 6.428409140783266602e+12 6.926093760569300781e+12 -2.481329664041519165e+07 5.055078316269954681e+09 -7.456473749442755803e-14 -9.466477024747753393e-09 -1.033095665187056871e-13
4.471499188300000191e+09 3.636284153400000095e+09 2.957077300766666412e+09 2.404737903950000286e+09 -1.638888888992369175e-01 5.388888893648982048e-01 1.565119737889732234e-11 5.320209961494385903e-08 -6.580889556155590125e-16
8.089308622404000000e+12 7.292892864924000000e+12 9.862329802566000000e+12 2.000554874507850000e+13 0.000000000000000000e+00 1.040330147950000000e+10 0.000000000000000000e+00 0.000000000000000000e+00 0.000000000000000000e+00
0.000000000000000000e+00 0.000000000000000000e+00 0.000000000000000000e+00 0.000000000000000000e+00 0.000000000000000000e+00 0.000000000000000000e+00 0.000000000000000000e+00 0.000000000000000000e+00 0.000000000000000000e+00
