9.334713138972106250e+13 7.167268527031746875e+13 6.586308301505542969e+13 7.945601409023090625e+13
2.878481831956225000e+13 1.918987887970816797e+13 1.918987887970816797e+13 2.878481831956225000e+13
4.471499188300000191e+09 3.584712615900000095e+09 2.873794722599999905e+09 2.303866724450000286e+09
0.000000000000000000e+00 0.000000000000000000e+00 0.000000000000000000e+00 0.000000000000000000e+00
0.000000000000000000e+00 0.000000000000000000e+00 0.000000000000000000e+00 0.000000000000000000e+00
0.000000000000000000e+00 0.000000000000000000e+00 0.000000000000000000e+00 0.000000000000000000e+00
0.000000000000000000e+00 0.000000000000000000e+00 0.000000000000000000e+00 0.000000000000000000e+00
2.465370202713000183e+11 1.966799419246166687e+11 1.841264611961833191e+11 2.062661235566000061e+11
0.000000000000000000e+00 0.000000000000000000e+00 0.000000000000000000e+00 0.000000000000000000e+00
1.957440137151250000e+12 1.466416099270566650e+12 1.296235794308000000e+12 1.447585112888950195e+12
3.377378363392000000e+12 2.219723515562666504e+12 2.188312333738666748e+12 3.236018474656000000e+12
0.000000000000000000e+00 0.000000000000000000e+00 0.000000000000000000e+00 0.000000000000000000e+00
8.140927840099975000e+13 5.427285226733316406e+13 5.427285226733316406e+13 8.140927840099975000e+13
0.000000000000000000e+00 0.000000000000000000e+00 0.000000000000000000e+00 0.000000000000000000e+00
0.000000000000000000e+00 0.000000000000000000e+00 0.000000000000000000e+00 0.000000000000000000e+00
1.160313763262300049e+12 8.914529161901500244e+11 8.550983424595166016e+11 1.010111182125700073e+12
4.012416492113500366e+11 3.131033650373499756e+11 2.884096925761166382e+11 3.115462142010499878e+11
3.731623761052250000e+12 2.615923604547166504e+12 2.750701869886833496e+12 4.338636321706750000e+12
0.000000000000000000e+00 0.000000000000000000e+00 0.000000000000000000e+00 0.000000000000000000e+00
1.443896052736000000e+12 1.464439289258666748e+12 2.227912211402666504e+12 5.084122836082000000e+12
4.145057839833000488e+11 2.953685420029333496e+11 2.953132745909333496e+11 4.142438515775500488e+11
0.000000000000000000e+00 0.000000000000000000e+00 0.000000000000000000e+00 0.000000000000000000e+00
4.471499188300000191e+09 3.407895915900000095e+09 2.597285622599999905e+09 1.979490056450000048e+09
6.191088980500000715e+08 5.015859959166666865e+08 4.075636453500000238e+08 3.321066217500000000e+08
7.657111033419705000e+14 6.309612761483460000e+14 7.798870819448280000e+14 1.445945774114556000e+15
8.140927840099975000e+13 5.427285226733316406e+13 5.427285226733316406e+13 8.140927840099975000e+13
1.878502916334055078e+13 8.946569908612265625e+12 6.428409140783266602e+12 6.926093760569300781e+12
4.471499188300000191e+09 3.636284153400000095e+09 2.957077300766666412e+09 2.404737903950000286e+09
8.089308622404000000e+12 7.292892864924000000e+12 9.862329802566000000e+12 2.000554874507850000e+13
0.000000000000000000e+00 0.000000000000000000e+00 0.000000000000000000e+00 0.000000000000000000e+00
